OpCode	Camera	MovieSeqIndex	StartTimeOffset	Format	Filename	Frames	Rate
INV-BV-169	0	0	0.00000	0	L15_GX010036.MP4	135433	29.97003
INV-BV-169	1	0	0.00000	0	R16_GX010036.MP4	135133	29.97003
INV-BV-064	0	0	0.00000	0	20240516_BRUV_2_L17_GX010033.MP4	129955	29.97000
INV-BV-073	0	0	0.00000	0	20240516_BRUV_3_L19_GX010031.MP4	122584	29.97003
INV-BV-073	1	0	0.00000	0	20240516_BRUV_3_R20_GX010036.MP4	122043	29.97003
INV-BV-237	0	0	0.00000	0	20240516_BRUV_4_L21_GX010031.MP4	122724	29.97003
INV-BV-237	1	0	0.00000	0	20240516_BRUV_4_R22_GX010031.MP4	122394	29.97003
INV-BV-189	0	0	0.00000	0	20240516_BRUV_5_R24_GX010035.MP4	128914	29.97003
INV-BV-189	1	0	0.00000	0	20240516_BRUV_5_L23_GX010029.MP4	129499	29.97003
INV-BV-221	0	0	0.00000	0	20240517_BRUV_1_L15_GX010037.MP4	145920	29.97003
INV-BV-221	0	0	0.00000	0	20240517_BRUV_1_L15_GX020037.MP4	72664	29.97003
INV-BV-221	1	0	0.00000	0	20240517_BRUV_1_R16_GX010037.MP4	145920	29.97003
INV-BV-221	1	0	0.00000	0	20240517_BRUV_1_R16_GX020037.MP4	72434	29.97003
INV-BV-205	0	0	0.00000	0	20240517_BRUV_2_L17_GX010034.MP4	145920	29.97003
INV-BV-205	0	0	0.00000	0	20240517_BRUV_2_L17_GX020034.MP4	76044	29.97003
INV-BV-205	1	0	0.00000	0	20240517_BRUV_2_R18_GX010034.MP4	145920	29.97003
INV-BV-205	1	0	0.00000	0	20240517_BRUV_2_R18_GX020034.MP4	75684	29.97003
INV-BV-032	0	0	0.00000	0	20240517_BRUV_3_L19_GX010032.MP4	145920	29.97003
INV-BV-032	0	0	0.00000	0	20240517_BRUV_3_L19_GX020032.MP4	81733	29.97003
INV-BV-032	1	0	0.00000	0	20240517_BRUV_3_R20_GX010037.MP4	145920	29.97003
INV-BV-032	1	0	0.00000	0	20240517_BRUV_3_R20_GX020037.MP4	81283	29.97003
INV-BV-048	0	0	0.00000	0	20240517_BRUV_4_L21_GX010032.MP4	145920	29.97003
INV-BV-048	0	0	0.00000	0	20240517_BRUV_4_L21_GX020032.MP4	55324	29.97003
INV-BV-048	1	0	0.00000	0	20240517_BRUV_4_R22_GX010032.MP4	145920	29.97003
INV-BV-048	1	0	0.00000	0	20240517_BRUV_4_R22_GX020032.MP4	55194	29.97003
INV-BV-217	0	0	0.00000	0	20240517_BRUV_5_L23_GX010031.MP4	145920	29.97000
INV-BV-217	0	0	0.00000	0	20240517_BRUV_5_L23_GX020031.MP4	73063	29.97000
INV-BV-217	1	0	0.00000	0	20240517_BRUV_5_R24_GX010036.MP4	145920	29.97003
INV-BV-217	1	0	0.00000	0	20240517_BRUV_5_R24_GX020036.MP4	72764	29.97003
INV-BV-225	0	0	0.00000	0	20240517_BRUV_6_R96_GX010029.MP4	145920	29.97003
INV-BV-225	0	0	0.00000	0	20240517_BRUV_6_R96_GX020029.MP4	39844	29.97003
INV-BV-225	1	0	0.00000	0	20240517_BRUV_6_L95_GX010033.MP4	145920	29.97003
INV-BV-225	1	0	0.00000	0	20240517_BRUV_6_L95_GX020033.MP4	39644	29.97003
INV-BV-233	0	0	0.00000	0	20240517_BRUV_7_L27_GX010035.MP4	145920	29.97003
INV-BV-233	1	0	0.00000	0	20240517_BRUV_7_R28_GX010029.MP4	145920	29.97003
INV-BV-173	0	0	0.00000	0	20240517_BRUV_8_L29_GX010030.MP4	145920	29.97000
INV-BV-173	0	0	0.00000	0	20240517_BRUV_8_L29_GX020030.MP4	31284	29.97000
INV-BV-173	1	0	0.00000	0	20240517_BRUV_8_R30_GX010030.MP4	145920	29.97003
INV-BV-173	1	0	0.00000	0	20240517_BRUV_8_R30_GX020030.MP4	31183	29.97003
INV-BV-249	0	0	0.00000	0	20240517_BRUV_9_L31_GX010055.MP4	145920	29.97003
INV-BV-249	0	0	0.00000	0	20240517_BRUV_9_L31_GX020055.MP4	38634	29.97003
INV-BV-249	1	0	0.00000	0	20240517_BRUV_9_R32_GX010034.MP4	145920	29.97003
INV-BV-249	1	0	0.00000	0	20240517_BRUV_9_R32_GX020034.MP4	38353	29.97003
INV-BV-044	0	0	0.00000	0	20240517_BRUV_10_R34_GX010037.MP4	145920	29.97003
INV-BV-044	0	0	0.00000	0	20240517_BRUV_10_R34_GX020037.MP4	32674	29.97003
INV-BV-044	1	0	0.00000	0	20240517_BRUV_10_L33_GX010032.MP4	5481	29.97003
INV-BV-160	0	0	0.00000	0	20240517_BRUV_1_L15_GX010039.MP4	122804	29.97003
INV-BV-160	1	0	0.00000	0	20240517_BRUV_1_R16_GX010039.MP4	122514	29.97003
INV-BV-096	0	0	0.00000	0	20240517_BRUV_2_L17_GX010036.MP4	120387	29.97003
INV-BV-096	1	0	0.00000	0	20240517_BRUV_2_R18_GX010036.MP4	119461	29.97003
INV-BV-156	0	0	0.00000	0	20240517_BRUV_3_L19_GX010034.MP4	124505	29.97003
INV-BV-156	1	0	0.00000	0	20240517_BRUV_3_R20_GX010039.MP4	124777	29.97003
INV-BV-028	0	0	0.00000	0	20240517_BRUV_4_L21_GX010034.MP4	127824	29.97003
INV-BV-028	1	0	0.00000	0	20240517_BRUV_4_R22_GX010034.MP4	127036	29.97003
INV-BV-241	0	0	0.00000	0	20240517_BRUV_5_L23_GX010033.MP4	127427	29.97000
INV-BV-241	0	0	0.00000	0	20240517_BRUV_5_L23_GX020031.MP4	73063	29.97000
INV-BV-241	0	0	0.00000	0	20240517_BRUV_5_L23_GX020032.MP4	30144	29.97000
INV-BV-241	1	0	0.00000	0	20240517_BRUV_5_R24_GX010038.MP4	128620	29.97003
INV-BV-165	0	0	0.00000	0	20240517_BRUV_6_L95_GX010035.MP4	115635	29.97003
INV-BV-165	1	0	0.00000	0	20240517_BRUV_6_R96_GX010031.MP4	115089	29.97003
INV-BV-CP1	0	0	0.00000	0	20240518_BRUV_1_L15_GX010040.MP4	145920	29.97000
INV-BV-CP1	0	0	0.00000	0	20240518_BRUV_1_L15_GX020040.MP4	60463	29.97003
INV-BV-CP1	1	0	0.00000	0	20240518_BRUV_1_R16_GX010040.MP4	145920	29.97003
INV-BV-CP1	1	0	0.00000	0	20240518_BRUV_1_R16_GX020040.MP4	58967	29.97003
INV-BV-CP2	0	0	0.00000	0	20240518_BRUV_2_L17_GX010037.MP4	145920	29.97003
INV-BV-CP2	0	0	0.00000	0	20240518_BRUV_2_L17_GX020037.MP4	61924	29.97003
INV-BV-CP2	1	0	0.00000	0	20240518_BRUV_2_R18_GX010037.MP4	145920	29.97003
INV-BV-CP2	1	0	0.00000	0	20240518_BRUV_2_R18_GX020037.MP4	62014	29.97003
INV-BV-CP3	0	0	0.00000	0	20240518_BRUV_3_L19_GX010035.MP4	145920	29.97003
INV-BV-CP3	0	0	0.00000	0	20240518_BRUV_3_L19_GX020035.MP4	60344	29.97003
INV-BV-CP3	1	0	0.00000	0	20240518_BRUV_3_R20_GX010040.MP4	145920	29.97003
INV-BV-CP3	1	0	0.00000	0	20240518_BRUV_3_R20_GX020040.MP4	60014	29.97003
INV-BV-CP4	0	0	0.00000	0	20240518_BRUV_4_L21_GX010035.MP4	145920	29.97003
INV-BV-CP4	0	0	0.00000	0	20240518_BRUV_4_L21_GX020035.MP4	58434	29.97003
INV-BV-CP4	1	0	0.00000	0	20240518_BRUV_4_R22_GX010035.MP4	145920	29.97003
INV-BV-CP4	1	0	0.00000	0	20240518_BRUV_4_R22_GX020035.MP4	58084	29.97003
INV-BV-185	0	0	0.00000	0	20240518_BRUV_5_L23_GX010034.MP4	145920	29.97000
INV-BV-185	0	0	0.00000	0	20240518_BRUV_5_L23_GX020034.MP4	59144	29.97003
INV-BV-185	1	0	0.00000	0	20240518_BRUV_5_R24_GX010039.MP4	145920	29.97003
INV-BV-185	1	0	0.00000	0	20240518_BRUV_5_R24_GX020039.MP4	58854	29.97003
INV-BV-201	0	0	0.00000	0	20240518_BRUV_6_L95_GX010036.MP4	145920	29.97003
INV-BV-201	0	0	0.00000	0	20240518_BRUV_6_L95_GX020036.MP4	50154	29.97003
INV-BV-201	1	0	0.00000	0	20240518_BRUV_6_R96_GX010032.MP4	145920	29.97003
INV-BV-201	1	0	0.00000	0	20240518_BRUV_6_R96_GX020032.MP4	50177	29.97003
INV-BV-089	0	0	0.00000	0	20240518_BRUV_7_L27_GX010037.MP4	145920	29.97000
INV-BV-089	1	0	0.00000	0	20240518_BRUV_7_R28_GX010031.MP4	145920	29.97003
INV-BV-089	1	0	0.00000	0	20240518_BRUV_7_R28_GX020031.MP4	50765	29.97003
INV-BV-060	0	0	0.00000	0	20240518_BRUV_8_L29_GX010032.MP4	145920	29.97000
INV-BV-060	1	0	0.00000	0	20240518_BRUV_8_R30_GX010032.MP4	145920	29.97003
INV-BV-060	1	0	0.00000	0	20240518_BRUV_8_R30_GX020032.MP4	61764	29.97003
INV-BV-027	0	0	0.00000	0	20240518_BRUV_9_L31_GX010057.MP4	145920	29.97000
INV-BV-027	1	0	0.00000	0	20240518_BRUV_9_R32_GX010036.MP4	145920	29.97003
INV-BV-027	1	0	0.00000	0	20240518_BRUV_9_R32_GX020036.MP4	46625	29.97003
INV-BV-161	0	0	0.00000	0	20240518_BRUV_10_L33_GX010032.MP4	145920	29.97000
INV-BV-161	1	0	0.00000	0	20240518_BRUV_10_R34_GX010039.MP4	145920	29.97003
INV-BV-161	1	0	0.00000	0	20240518_BRUV_10_R34_GX020039.MP4	52584	29.97003
INV-BV-144	0	0	0.00000	0	20240518_BRUV_1_L15_GX010041.MP4	145920	29.97000
INV-BV-144	1	0	0.00000	0	20240518_BRUV_1_R16_GX010041.MP4	145920	29.97003
INV-BV-144	1	0	0.00000	0	20240518_BRUV_1_R16_GX020041.MP4	56604	29.97003
INV-BV-177	0	0	0.00000	0	20240518_BRUV_2_L17_GX010038.MP4	145920	29.97000
INV-BV-177	1	0	0.00000	0	20240518_BRUV_2_R18_GX010038.MP4	145920	29.97003
INV-BV-177	1	0	0.00000	0	20240518_BRUV_2_R18_GX020038.MP4	33964	29.97003
INV-BV-112	0	0	0.00000	0	20240518_BRUV_3_L19_GX010036.MP4	145920	29.97000
INV-BV-112	1	0	0.00000	0	20240518_BRUV_3_R20_GX010041.MP4	145920	29.97003
INV-BV-112	1	0	0.00000	0	20240518_BRUV_3_R20_GX020041.MP4	29623	29.97003
INV-BV-128	0	0	0.00000	0	20240518_BRUV_4_L21_GX010036.MP4	145920	29.97000
INV-BV-128	0	0	0.00000	0	20240518_BRUV_4_L21_GX020036.MP4	43291	29.97003
INV-BV-128	1	0	0.00000	0	20240518_BRUV_4_R22_GX010036.MP4	145920	29.97003
INV-BV-128	1	0	0.00000	0	20240518_BRUV_4_R22_GX020036.MP4	43114	29.97003
INV-BV-015	0	0	0.00000	0	20240518_BRUV_5_L23_GX010035.MP4	145920	29.97000
INV-BV-015	1	0	0.00000	0	20240518_BRUV_5_R24_GX010040.MP4	145920	29.97003
INV-BV-015	1	0	0.00000	0	20240518_BRUV_5_R24_GX020040.MP4	55404	29.97003
INV-BV-031	0	0	0.00000	0	20240518_BRUV_6_L95_GX010037.MP4	145920	29.97000
INV-BV-031	1	0	0.00000	0	20240518_BRUV_6_R96_GX010033.MP4	145920	29.97003
INV-BV-031	1	0	0.00000	0	20240518_BRUV_6_R96_GX020033.MP4	75278	29.97003
INV-BV-116	0	0	0.00000	0	20240518_BRUV_7_L27_GX010038.MP4	145920	29.97000
INV-BV-116	0	0	0.00000	0	20240518_BRUV_7_L27_GX020038.MP4	66599	29.97000
INV-BV-116	1	0	0.00000	0	20240518_BRUV_7_R28_GX010032.MP4	145920	29.97003
INV-BV-116	1	0	0.00000	0	20240518_BRUV_7_R28_GX020032.MP4	66161	29.97003
INV-BV-084	0	0	0.00000	0	20240518_BRUV_8_L29_GX010033.MP4	145920	29.97000
INV-BV-084	0	0	0.00000	0	20240518_BRUV_8_L29_GX020033.MP4	51987	29.97000
INV-BV-084	1	0	0.00000	0	20240518_BRUV_8_R30_GX010034.MP4	145920	29.97003
INV-BV-084	1	0	0.00000	0	20240518_BRUV_8_R30_GX020034.MP4	52024	29.97003
INV-BV-059	0	0	0.00000	0	20240518_BRUV_9_L31_GX010059.MP4	145920	29.97003
INV-BV-059	0	0	0.00000	0	20240518_BRUV_9_L31_GX020059.MP4	65609	29.97003
INV-BV-059	1	0	0.00000	0	20240518_BRUV_9_R32_GX010038.MP4	145920	29.97003
INV-BV-059	1	0	0.00000	0	20240518_BRUV_9_R32_GX020038.MP4	65368	29.97003
INV-BV-043	0	0	0.00000	0	20240518_BRUV_10_L33_GX010033.MP4	145920	29.97000
INV-BV-043	0	0	0.00000	0	20240518_BRUV_10_L33_GX020033.MP4	40935	29.97000
INV-BV-043	1	0	0.00000	0	20240518_BRUV_10_R34_GX010040.MP4	145920	29.97003
INV-BV-043	1	0	0.00000	0	20240518_BRUV_10_R34_GX020040.MP4	42628	29.97003
INV-BV-011	0	0	0.00000	0	20240518_BRUV_1_L15_GX010042.MP4	118231	29.97000
INV-BV-011	1	0	0.00000	0	20240518_BRUV_1_R16_GX010042.MP4	118810	29.97003
INV-BV-136	0	0	0.00000	0	20240518_BRUV_2_L17_GX010039.MP4	130805	29.97000
INV-BV-136	1	0	0.00000	0	20240518_BRUV_2_R18_GX010039.MP4	130795	29.97003
INV-BV-100	0	0	0.00000	0	20240518_BRUV_3_L19_GX010037.MP4	133731	29.97000
INV-BV-100	1	0	0.00000	0	20240518_BRUV_3_R20_GX010042.MP4	132672	29.97003
INV-BV-148	0	0	0.00000	0	20240518_BRUV_4_L21_GX010037.MP4	134722	29.97000
INV-BV-148	1	0	0.00000	0	20240518_BRUV_4_R22_GX010037.MP4	133763	29.97003
INV-BV-132	0	0	0.00000	0	20240518_BRUV_5_L23_GX010036.MP4	134682	29.97003
INV-BV-132	1	0	0.00000	0	20240518_BRUV_5_R24_GX010041.MP4	133539	29.97003
INV-BV-047	0	0	0.00000	0	20240518_BRUV_6_L95_GX010038.MP4	135043	29.97000
INV-BV-047	1	0	0.00000	0	20240518_BRUV_6_R96_GX010034.MP4	133641	29.97003
INV-BV-079	0	0	0.00000	0	20240519_BRUV_1_L15_GX010043.MP4	145920	29.97003
INV-BV-079	1	0	0.00000	0	20240519_BRUV_1_R16_GX010043.MP4	145920	29.97003
INV-BV-155	0	0	0.00000	0	20240519_BRUV_2_L17_GX010040.MP4	145920	29.97003
INV-BV-155	0	0	0.00000	0	20240519_BRUV_2_L17_GX020040.MP4	18984	29.97003
INV-BV-155	1	0	0.00000	0	20240519_BRUV_2_R18_GX010040.MP4	145920	29.97003
INV-BV-155	1	0	0.00000	0	20240519_BRUV_2_R18_GX020040.MP4	18083	29.97003
INV-BV-095	0	0	0.00000	0	20240519_BRUV_3_L19_GX010038.MP4	145920	29.97003
INV-BV-095	0	0	0.00000	0	20240519_BRUV_3_L19_GX020038.MP4	7761	29.97003
INV-BV-095	1	0	0.00000	0	20240519_BRUV_3_R20_GX010043.MP4	145920	29.97003
INV-BV-095	1	0	0.00000	0	20240519_BRUV_3_R20_GX020043.MP4	6755	29.97003
INV-BV-111	0	0	0.00000	0	20240519_BRUV_4_R22_GX010038.MP4	145920	29.97003
INV-BV-111	0	0	0.00000	0	20240519_BRUV_4_R22_GX020038.MP4	10690	29.97003
INV-BV-111	1	0	0.00000	0	20240519_BRUV_4_L21_GX010038.MP4	8405	29.97003
INV-BV-115	0	0	0.00000	0	L_GX010037.MP4	145920	29.97003
INV-BV-115	0	0	0.00000	0	L_GX020037.MP4	11100	29.97003
INV-BV-115	1	0	0.00000	0	R_GX010042.MP4	145920	29.97003
INV-BV-115	1	0	0.00000	0	R_GX020042.MP4	10054	29.97003
INV-BV-083	0	0	0.00000	0	L_GX010039.MP4	145920	29.97003
INV-BV-083	0	0	0.00000	0	L_GX020039.MP4	18056	29.97003
INV-BV-083	1	0	0.00000	0	R_GX010035.MP4	145920	29.97003
INV-BV-083	1	0	0.00000	0	R_GX020035.MP4	17148	29.97003
INV-BV-135	0	0	0.00000	0	L_GX010039.MP4	145920	29.97003
INV-BV-135	0	0	0.00000	0	L_GX020039.MP4	11002	29.97003
INV-BV-135	1	0	0.00000	0	R_GX010033.MP4	145920	29.97003
INV-BV-135	1	0	0.00000	0	R_GX020033.MP4	8623	29.97003
INV-BV-147	0	0	0.00000	0	L_GX010034.MP4	145920	29.97003
INV-BV-147	1	0	0.00000	0	R_GX010035.MP4	145920	29.97003
INV-BV-143	0	0	0.00000	0	L_GX010060.MP4	145920	29.97003
INV-BV-143	1	0	0.00000	0	R_GX010039.MP4	145920	29.97003
INV-BV-127	0	0	0.00000	0	L_GX010034.MP4	145920	29.97003
INV-BV-127	1	0	0.00000	0	R_GX010041.MP4	145920	29.97003
INV-BV-123	0	0	0.00000	0	20240519_BRUV_1_L15_GX010044.MP4	134539	29.97003
INV-BV-123	1	0	0.00000	0	20240519_BRUV_1_R16_GX010044.MP4	135152	29.97003
INV-BV-039	0	0	0.00000	0	20240519_BRUV_2_L17_GX010041.MP4	139306	29.97003
INV-BV-039	1	0	0.00000	0	20240519_BRUV_2_R18_GX010041.MP4	138954	29.97003
INV-BV-119	0	0	0.00000	0	20240519_BRUV_3_L19_GX010039.MP4	126753	29.97000
INV-BV-119	1	0	0.00000	0	20240519_BRUV_3_R20_GX010044.MP4	125687	29.97003
INV_BV_159	0	0	0.00000	0	20240519_BRUV_4_L21_GX010039.MP4	128947	29.97000
INV-BV-099	0	0	0.00000	0	20240519_BRUV_5_L23_GX010038.MP4	123768	29.97000
INV-BV-099	1	0	0.00000	0	20240519_BRUV_5_R24_GX010043.MP4	122739	29.97003
INV-BV-055	0	0	0.00000	0	20240519_BRUV_6_L95_GX010040.MP4	123735	29.97000
INV-BV-055	1	0	0.00000	0	20240519_BRUV_6_R96_GX010036.MP4	122524	29.97003
INV-BV-107	0	0	0.00000	0	20240519_BRUV_7_L27_GX010040.MP4	128514	29.97000
INV-BV-107	1	0	0.00000	0	20240519_BRUV_7_R28_GX010034.MP4	127343	29.97003
INV-BV-139	0	0	0.00000	0	20240519_BRUV_8_L29_GX010035.MP4	127625	29.97000
INV-BV-139	1	0	0.00000	0	20240519_BRUV_8_R30_GX010036.MP4	126610	29.97003
INV-BV-103	0	0	0.00000	0	20240519_BRUV_9_L31_GX010061.MP4	140095	29.97000
INV-BV-103	1	0	0.00000	0	20240519_BRUV_9_R32_GX010040.MP4	139282	29.97003
INV-BV-087	0	0	0.00000	0	20240519_BRUV_10_L33_GX010035.MP4	128439	29.97000
INV-BV-087	1	0	0.00000	0	20240519_BRUV_10_R34_GX010042.MP4	128154	29.97003
INV-BV-186	0	0	0.00000	0	20240519_BRUV_1_L15_GX010045.MP4	121741	29.97000
INV-BV-186	1	0	0.00000	0	20240519_BRUV_1_R16_GX010045.MP4	120198	29.97003
INV-BV-250	0	0	0.00000	0	20240519_BRUV_2_L17_GX010042.MP4	121087	29.97003
INV-BV-250	1	0	0.00000	0	20240519_BRUV_2_R18_GX010042.MP4	119614	29.97003
INV-BV-118	0	0	0.00000	0	20240519_BRUV_3_L19_GX010040.MP4	132105	29.97000
INV-BV-118	1	0	0.00000	0	20240519_BRUV_3_R20_GX010045.MP4	131000	29.97003
INV-BV-202	0	0	0.00000	0	20240519_BRUV_4_L21_GX010040.MP4	112310	29.97000
INV-BV-202	1	0	0.00000	0	20240519_BRUV_4_R22_GX010040.MP4	110151	29.97003
INV-BV-098	0	0	0.00000	0	20240519_BRUV_5_L23_GX010039.MP4	121073	29.97000
INV-BV-098	1	0	0.00000	0	20240519_BRUV_5_R24_GX010044.MP4	121052	29.97003
INV-BV-114	0	0	0.00000	0	20240519_BRUV_6_L95_GX010041.MP4	121023	29.97000
INV-BV-114	1	0	0.00000	0	20240519_BRUV_6_R96_GX010037.MP4	119484	29.97003
INV-BV-222	0	0	0.00000	0	20240521_BRUV_1_L15_GX010046.MP4	145920	29.97000
INV-BV-222	0	0	0.00000	0	20240521_BRUV_1_L15_GX020046.MP4	25993	29.97000
INV-BV-222	1	0	0.00000	0	20240521_BRUV_1_R16_GX010046.MP4	145920	29.97003
INV-BV-222	1	0	0.00000	0	20240521_BRUV_1_R16_GX020046.MP4	25204	29.97003
INV-BV-238	0	0	0.00000	0	20240521_BRUV_2_L17_GX010043.MP4	143833	29.97000
INV-BV-238	1	0	0.00000	0	20240521_BRUV_2_R18_GX010043.MP4	143624	29.97003
INV-BV-014	0	0	0.00000	0	20240521_BRUV_3_L19_GX010041.MP4	145920	29.97000
INV-BV-014	0	0	0.00000	0	20240521_BRUV_3_L19_GX020041.MP4	7304	29.97000
INV-BV-014	1	0	0.00000	0	20240521_BRUV_3_R20_GX010046.MP4	145920	29.97003
INV-BV-014	1	0	0.00000	0	20240521_BRUV_3_R20_GX020046.MP4	6894	29.97003
INV-BV-094	0	0	0.00000	0	20240521_BRUV_4_L21_GX010041.MP4	145920	29.97000
INV-BV-094	0	0	0.00000	0	20240521_BRUV_4_L21_GX020041.MP4	1594	29.97000
INV-BV-094	1	0	0.00000	0	20240521_BRUV_4_R22_GX010041.MP4	145920	29.97003
INV-BV-094	1	0	0.00000	0	20240521_BRUV_4_R22_GX020041.MP4	1664	29.97003
INV-BV-190	0	0	0.00000	0	20240521_BRUV_5_L23_GX010040.MP4	145920	29.97000
INV-BV-190	0	0	0.00000	0	20240521_BRUV_5_L23_GX020040.MP4	1294	29.97000
INV-BV-190	1	0	0.00000	0	20240521_BRUV_5_R24_GX010045.MP4	145920	29.97003
INV-BV-190	1	0	0.00000	0	20240521_BRUV_5_R24_GX020045.MP4	1604	29.97003
INV-BV-206	0	0	0.00000	0	20240521_BRUV_6_L95_GX010042.MP4	145920	29.97000
INV-BV-206	0	0	0.00000	0	20240521_BRUV_6_L95_GX020042.MP4	4804	29.97000
INV-BV-206	1	0	0.00000	0	20240521_BRUV_6_R96_GX010038.MP4	145920	29.97003
INV-BV-206	1	0	0.00000	0	20240521_BRUV_6_R96_GX020038.MP4	4674	29.97003
INV-BV-211	0	0	0.00000	0	20240521_BRUV_7_L27_GX010041.MP4	145920	29.97000
INV-BV-211	0	0	0.00000	0	20240521_BRUV_7_L27_GX020041.MP4	5474	29.97000
INV-BV-195	0	0	0.00000	0	20240521_BRUV_8_L29_GX010036.MP4	145920	29.97000
INV-BV-195	0	0	0.00000	0	20240521_BRUV_8_L29_GX020036.MP4	4991	29.97000
INV-BV-195	1	0	0.00000	0	20240521_BRUV_8_R30_GX010037.MP4	145920	29.97003
INV-BV-195	1	0	0.00000	0	20240521_BRUV_8_R30_GX020037.MP4	4244	29.97003
INV-BV-226	0	0	0.00000	0	20240521_BRUV_9_L31_GX010062.MP4	145920	29.97000
INV-BV-226	0	0	0.00000	0	20240521_BRUV_9_L31_GX020062.MP4	11004	29.97000
INV-BV-226	1	0	0.00000	0	20240521_BRUV_9_R32_GX010041.MP4	145920	29.97003
INV-BV-226	1	0	0.00000	0	20240521_BRUV_9_R32_GX020041.MP4	10854	29.97003
INV-BV-275	0	0	0.00000	0	20240521_BRUV_10_L33_GX010036.MP4	145920	29.97000
INV-BV-275	0	0	0.00000	0	20240521_BRUV_10_L33_GX020036.MP4	6714	29.97000
INV-BV-275	1	0	0.00000	0	20240521_BRUV_10_R34_GX010043.MP4	145920	29.97003
INV-BV-275	1	0	0.00000	0	20240521_BRUV_10_R34_GX020043.MP4	7241	29.97003
INV-BV-243	0	0	0.00000	0	20240522_BRUV_1_L15_GX010047.MP4	145920	29.97003
INV-BV-243	0	0	0.00000	0	20240522_BRUV_1_L15_GX020047.MP4	21425	29.97003
INV-BV-243	1	0	0.00000	0	20240522_BRUV_1_R16_GX010047.MP4	145920	29.97003
INV-BV-243	1	0	0.00000	0	20240522_BRUV_1_R16_GX020047.MP4	21634	29.97003
INV-BV-154	0	0	0.00000	0	20240522_BRUV_3_L19_GX010042.MP4	145920	29.97000
INV-BV-154	0	0	0.00000	0	20240522_BRUV_3_L19_GX020042.MP4	17014	29.97000
INV-BV-154	1	0	0.00000	0	20240522_BRUV_3_R20_GX010047.MP4	145920	29.97003
INV-BV-154	1	0	0.00000	0	20240522_BRUV_3_R20_GX020047.MP4	16104	29.97003
INV-BV-054	0	0	0.00000	0	20240522_BRUV_4_L21_GX010042.MP4	145920	29.97000
INV-BV-054	0	0	0.00000	0	20240522_BRUV_4_L21_GX020042.MP4	33054	29.97000
INV-BV-163	0	0	0.00000	0	20240522_BRUV_5_L23_GX010041.MP4	145920	29.97000
INV-BV-163	0	0	0.00000	0	20240522_BRUV_5_L23_GX020041.MP4	38425	29.97000
INV-BV-163	1	0	0.00000	0	20240522_BRUV_5_R24_GX010046.MP4	145920	29.97003
INV-BV-163	1	0	0.00000	0	20240522_BRUV_5_R24_GX020046.MP4	38374	29.97003
INV-BV-122	0	0	0.00000	0	20240522_BRUV_6_L95_GX010043.MP4	145920	29.97000
INV-BV-122	0	0	0.00000	0	20240522_BRUV_6_L95_GX020043.MP4	22934	29.97000
INV-BV-122	1	0	0.00000	0	20240522_BRUV_6_R96_GX010039.MP4	145920	29.97003
INV-BV-122	1	0	0.00000	0	20240522_BRUV_6_R96_GX020039.MP4	23104	29.97003
INV-BV-199	0	0	0.00000	0	20240522_BRUV_7_L27_GX010042.MP4	145920	29.97000
INV-BV-199	0	0	0.00000	0	20240522_BRUV_7_L27_GX020042.MP4	28114	29.97000
INV-BV-199	1	0	0.00000	0	20240522_BRUV_7_R28_GX010036.MP4	145920	29.97003
INV-BV-199	1	0	0.00000	0	20240522_BRUV_7_R28_GX020036.MP4	27614	29.97003
INV-BV-167	0	0	0.00000	0	20240522_BRUV_8_L29_GX010037.MP4	145920	29.97000
INV-BV-167	0	0	0.00000	0	20240522_BRUV_8_L29_GX020037.MP4	30963	29.97000
INV-BV-167	1	0	0.00000	0	20240522_BRUV_8_R30_GX010038.MP4	145920	29.97003
INV-BV-167	1	0	0.00000	0	20240522_BRUV_8_R30_GX020038.MP4	31083	29.97003
INV-BV-231	0	0	0.00000	0	20240522_BRUV_9_L31_GX012199.MP4	88320	29.97000
INV-BV-231	0	0	0.00000	0	20240522_BRUV_9_L31_GX022199.MP4	88320	29.97000
INV-BV-231	0	0	0.00000	0	20240522_BRUV_9_L31_GX032199.MP4	3604	29.97000
INV-BV-231	1	0	0.00000	0	20240522_BRUV_9_R32_GX010042.MP4	145920	29.97003
INV-BV-231	1	0	0.00000	0	20240522_BRUV_9_R32_GX020042.MP4	33624	29.97003
INV-BV-078	0	0	0.00000	0	20240522_BRUV_10_L33_GX010037.MP4	145920	29.97000
INV-BV-078	0	0	0.00000	0	20240522_BRUV_10_L33_GX020037.MP4	32193	29.97000
INV-BV-078	1	0	0.00000	0	20240522_BRUV_10_R34_GX010044.MP4	145920	29.97003
INV-BV-078	1	0	0.00000	0	20240522_BRUV_10_R34_GX020044.MP4	31424	29.97003
INV-BV-046	0	0	0.00000	0	20240522_BRUV_1_L15_GX010048.MP4	145920	29.97000
INV-BV-046	0	0	0.00000	0	20240522_BRUV_1_L15_GX020048.MP4	38845	29.97000
INV-BV-046	1	0	0.00000	0	20240522_BRUV_1_R16_GX010048.MP4	145920	29.97003
INV-BV-046	1	0	0.00000	0	20240522_BRUV_1_R16_GX020048.MP4	38623	29.97003
INV-BV-030	0	0	0.00000	0	20240522_BRUV_2_L17_GX010045.MP4	145920	29.97000
INV-BV-030	0	0	0.00000	0	20240522_BRUV_2_L17_GX020045.MP4	34844	29.97000
INV-BV-030	1	0	0.00000	0	20240522_BRUV_2_R18_GX010045.MP4	145920	29.97003
INV-BV-030	1	0	0.00000	0	20240522_BRUV_2_R18_GX020045.MP4	34784	29.97003
INV-BV-058	0	0	0.00000	0	20240522_BRUV_3_L19_GX010043.MP4	145920	29.97000
INV-BV-058	0	0	0.00000	0	20240522_BRUV_3_L19_GX020043.MP4	39984	29.97000
INV-BV-058	1	0	0.00000	0	20240522_BRUV_3_R20_GX010048.MP4	145920	29.97003
INV-BV-058	1	0	0.00000	0	20240522_BRUV_3_R20_GX020048.MP4	39463	29.97003
INV-BV-003	0	0	0.00000	0	20240522_BRUV_4_L21_GX010043.MP4	145920	29.97000
INV-BV-003	0	0	0.00000	0	20240522_BRUV_4_L21_GX020043.MP4	56144	29.97000
INV-BV-003	1	0	0.00000	0	20240522_BRUV_4_R22_GX010043.MP4	145920	29.97003
INV-BV-003	1	0	0.00000	0	20240522_BRUV_4_R22_GX020043.MP4	55424	29.97003
INV-BV-138	0	0	0.00000	0	20240522_BRUV_5_L23_GX010042.MP4	145920	29.97000
INV-BV-138	0	0	0.00000	0	20240522_BRUV_5_L23_GX020042.MP4	49725	29.97000
INV-BV-138	1	0	0.00000	0	20240522_BRUV_5_R24_GX010047.MP4	145920	29.97003
INV-BV-138	1	0	0.00000	0	20240522_BRUV_5_R24_GX020047.MP4	49164	29.97003
INV-BV-086	0	0	0.00000	0	20240522_BRUV_6_L95_GX010044.MP4	145920	29.97000
INV-BV-086	0	0	0.00000	0	20240522_BRUV_6_L95_GX020044.MP4	40614	29.97000
INV-BV-086	1	0	0.00000	0	20240522_BRUV_6_R96_GX010040.MP4	145920	29.97003
INV-BV-086	1	0	0.00000	0	20240522_BRUV_6_R96_GX020040.MP4	40324	29.97003
INV-BV-150	0	0	0.00000	0	20240522_BRUV_7_L27_GX010043.MP4	145920	29.97000
INV-BV-150	0	0	0.00000	0	20240522_BRUV_7_L27_GX020043.MP4	47274	29.97000
INV-BV-150	1	0	0.00000	0	20240522_BRUV_7_R28_GX010037.MP4	145920	29.97003
INV-BV-150	1	0	0.00000	0	20240522_BRUV_7_R28_GX020037.MP4	46854	29.97003
INV-BV-234	0	0	0.00000	0	20240522_BRUV_8_L29_GX010038.MP4	145920	29.97000
INV-BV-234	0	0	0.00000	0	20240522_BRUV_8_L29_GX020038.MP4	42834	29.97000
INV-BV-234	1	0	0.00000	0	20240522_BRUV_8_R30_GX010039.MP4	145920	29.97003
INV-BV-234	1	0	0.00000	0	20240522_BRUV_8_R30_GX020039.MP4	42514	29.97003
INV-BV-134	0	0	0.00000	0	20240522_BRUV_9_L31_GX012200.MP4	107520	29.97000
INV-BV-134	0	0	0.00000	0	20240522_BRUV_9_L31_GX022200.MP4	78720	29.97000
INV-BV-134	1	0	0.00000	0	20240522_BRUV_9_R32_GX010043.MP4	145920	29.97003
INV-BV-134	1	0	0.00000	0	20240522_BRUV_9_R32_GX020043.MP4	52764	29.97003
INV-BV-102	0	0	0.00000	0	20240522_BRUV_10_L33_GX010038.MP4	145920	29.97000
INV-BV-102	0	0	0.00000	0	20240522_BRUV_10_L33_GX020038.MP4	71114	29.97000
INV-BV-102	1	0	0.00000	0	20240522_BRUV_10_R34_GX010045.MP4	145920	29.97003
INV-BV-102	1	0	0.00000	0	20240522_BRUV_10_R34_GX020045.MP4	70914	29.97003
INV-BV-218	0	0	0.00000	0	20240522_BRUV_1_L15_GX010049.MP4	122785	29.97000
INV-BV-218	1	0	0.00000	0	20240522_BRUV_1_R16_GX010049.MP4	122474	29.97003
INV-BV-130	0	0	0.00000	0	20240522_BRUV_2_L17_GX010046.MP4	114654	29.97000
INV-BV-130	1	0	0.00000	0	20240522_BRUV_2_R18_GX010046.MP4	114714	29.97003
INV-BV-062	0	0	0.00000	0	20240522_BRUV_3_L19_GX010044.MP4	126243	29.97000
INV-BV-062	1	0	0.00000	0	20240522_BRUV_3_R20_GX010049.MP4	125914	29.97003
INV-BV-174	0	0	0.00000	0	20240522_BRUV_4_L21_GX010044.MP4	141294	29.97000
INV-BV-174	1	0	0.00000	0	20240522_BRUV_4_R22_GX010044.MP4	141024	29.97003
FIG-BV-06	0	0	0.00000	0	20240525_BRUV_6_L95_GX010051.MP4	135264	29.97003
FIG-BV-06	1	0	0.00000	0	20240525_BRUV_6_R96_GX010047.MP4	135324	29.97003
FIG-BV-04	0	0	0.00000	0	20240525_BRUV_2_L17_GX010052.MP4	133675	29.97003
FIG-BV-04	1	0	0.00000	0	20240525_BRUV_2_R18_GX010052.MP4	133464	29.97003
FIG-BV-14	0	0	0.00000	0	20240525_BRUV_1_L15_GX010055.MP4	132073	29.97003
FIG-BV-14	1	0	0.00000	0	20240525_BRUV_1_R16_GX010055.MP4	131844	29.97003
INV-BV-DOC18	0	0	0.00000	0	20240527_BRUV_8_L29_GX010002.MP4	125737	29.97003
INV-BV-DOC18	1	0	0.00000	0	20240527_BRUV_8_R30_GX010049.MP4	128132	29.97003
FIG-BV-01	0	0	0.00000	0	20240525_BRUV_9_L31_GX010069.MP4	145920	29.97003
FIG-BV-01	1	0	0.00000	0	20240525_BRUV_9_R32_GX010048.MP4	145920	29.97003
FIG-BV-11	0	0	0.00000	0	20240525_BRUV_8_L29_GX010043.MP4	140324	29.97003
FIG-BV-11	1	0	0.00000	0	20240525_BRUV_8_R30_GX010044.MP4	140954	29.97003
FIG-BV-15	0	0	0.00000	0	20240525_BRUV_7_L27_GX010049.MP4	141633	29.97003
FIG-BV-15	1	0	0.00000	0	20240525_BRUV_7_R28_GX010047.MP4	141234	29.97003
INV-BV-DOC1	0	0	0.00000	0	20240527_BRUV_1_L15_GX010060.MP4	145920	29.97003
INV-BV-DOC1	0	0	0.00000	0	20240527_BRUV_1_L15_GX020060.MP4	19580	29.97003
INV-BV-DOC1	1	0	0.00000	0	20240527_BRUV_1_R16_GX010060.MP4	145920	29.97003
INV-BV-DOC1	1	0	0.00000	0	20240527_BRUV_1_R16_GX020060.MP4	19984	29.97003
INV-BV-158	0	0	0.00000	0	20240526_BRUV_5_L23_GX010051.MP4	135404	29.97003
INV-BV-158	1	0	0.00000	0	20240526_BRUV_5_R24_GX010056.MP4	135344	29.97003
INV-BV-246	0	0	0.00000	0	20240526_BRUV_4_L21_GX010053.MP4	129733	29.97003
INV-BV-246	1	0	0.00000	0	20240526_BRUV_4_R22_GX010052.MP4	129494	29.97003
INV-BV-240	0	0	0.00000	0	20240526_BRUV_6_L95_GX010053.MP4	145920	29.97003
INV-BV-240	0	0	0.00000	0	20240526_BRUV_6_L95_GX020053.MP4	31653	29.97003
INV-BV-240	1	0	0.00000	0	20240526_BRUV_6_R96_GX010050.MP4	145920	29.97003
INV-BV-240	1	0	0.00000	0	20240526_BRUV_6_R96_GX020050.MP4	31115	29.97003
INV-BV-245	0	0	0.00000	0	20240517_BRUV_5_L23_GX010032.MP4	145920	29.97003
INV-BV-245	0	0	0.00000	0	20240517_BRUV_5_L23_GX020032.MP4	30144	29.97003
INV-BV-245	1	0	0.00000	0	20240517_BRUV_5_R24_GX010037.MP4	145920	29.97003
INV-BV-245	1	0	0.00000	0	20240517_BRUV_5_R24_GX020037.MP4	31266	29.97003
INV-BV-213	0	0	0.00000	0	20240517_BRUV_4_L21_GX010033.MP4	145920	29.97003
INV-BV-213	0	0	0.00000	0	20240517_BRUV_4_L21_GX020033.MP4	26384	29.97003
INV-BV-213	1	0	0.00000	0	20240517_BRUV_4_R22_GX010033.MP4	145920	29.97003
INV-BV-213	1	0	0.00000	0	20240517_BRUV_4_R22_GX020033.MP4	26083	29.97003
INV-BV-DOC15	0	0	0.00000	0	20240527_BRUV_5_L23_GX010055.MP4	131732	29.97003
INV-BV-DOC15	1	0	0.00000	0	20240527_BRUV_5_R24_GX010060.MP4	132556	29.97003
FIG-BV-09	0	0	0.00000	0	20240525_BRUV_3_L19_GX010049.MP4	134043	29.97003
FIG-BV-09	0	0	0.00000	0	20240525_BRUV_3_B91_GX012487.MP4	10404	29.97003
FIG-BV-09	1	0	0.00000	0	20240525_BRUV_3_R20_GX010055.MP4	133704	29.97003
FIG-BV-07	0	0	0.00000	0	20240525_BRUV_4_L21_GX010050.MP4	145920	29.97003
FIG-BV-07	0	0	0.00000	0	20240525_BRUV_4_L21_GX020050.MP4	613	29.97003
FIG-BV-07	1	0	0.00000	0	20240525_BRUV_4_R22_GX010050.MP4	145920	29.97003
FIG-BV-07	1	0	0.00000	0	20240525_BRUV_4_R22_GX020050.MP4	374	29.97003
INV-BV-210	0	0	0.00000	0	20240523_BRUV_4_L21_GX010046.MP4	145920	29.97000
INV-BV-210	0	0	0.00000	0	20240523_BRUV_4_L21_GX020046.MP4	72085	29.97000
INV-BV-210	1	0	0.00000	0	20240523_BRUV_4_R22_GX010046.MP4	145920	29.97000
INV-BV-210	1	0	0.00000	0	20240523_BRUV_4_R22_GX020046.MP4	71874	29.97000
INV-BV-182	0	0	0.00000	0	20240523_BRUV_5_L23_GX010045.MP4	145920	29.97003
INV-BV-182	0	0	0.00000	0	20240523_BRUV_5_L23_GX020045.MP4	79556	29.97003
INV-BV-182	1	0	0.00000	0	20240523_BRUV_5_R24_GX010050.MP4	145920	29.97003
INV-BV-182	1	0	0.00000	0	20240523_BRUV_5_R24_GX020050.MP4	79284	29.97003
INV-BV-230	0	0	0.00000	0	20240523_BRUV_6_L95_GX010047.MP4	145920	29.97000
INV-BV-230	0	0	0.00000	0	20240523_BRUV_6_L95_GX020047.MP4	76944	29.97000
INV-BV-230	1	0	0.00000	0	20240523_BRUV_6_R96_GX010043.MP4	145920	29.97003
INV-BV-230	1	0	0.00000	0	20240523_BRUV_6_R96_GX020043.MP4	77394	29.97003
INV-BV-104	0	0	0.00000	0	20240523_BRUV_7_L27_GX010045.MP4	145920	29.97000
INV-BV-104	0	0	0.00000	0	20240523_BRUV_7_L27_GX020045.MP4	75194	29.97000
INV-BV-104	1	0	0.00000	0	20240523_BRUV_7_R28_GX010043.MP4	145920	29.97003
INV-BV-104	1	0	0.00000	0	20240523_BRUV_7_R28_GX020043.MP4	75253	29.97003
INV-BV-120	0	0	0.00000	0	20240523_BRUV_8_L29_GX010040.MP4	145920	29.97000
INV-BV-120	0	0	0.00000	0	20240523_BRUV_8_L29_GX020040.MP4	77674	29.97000
INV-BV-120	1	0	0.00000	0	20240523_BRUV_8_R30_GX010041.MP4	145920	29.97003
INV-BV-120	1	0	0.00000	0	20240523_BRUV_8_R30_GX020041.MP4	77424	29.97003
INV-BV-012	0	0	0.00000	0	20240523_BRUV_9_L31_GX010066.MP4	145920	29.97000
INV-BV-012	0	0	0.00000	0	20240523_BRUV_9_L31_GX020066.MP4	87746	29.97000
INV-BV-012	1	0	0.00000	0	20240523_BRUV_9_R32_GX010045.MP4	145920	29.97003
INV-BV-012	1	0	0.00000	0	20240523_BRUV_9_R32_GX020045.MP4	87524	29.97003
INV-BV-162	0	0	0.00000	0	20240523_BRUV_10_L33_GX010040.MP4	145920	29.97000
INV-BV-162	0	0	0.00000	0	20240523_BRUV_10_L33_GX020040.MP4	84044	29.97000
INV-BV-162	1	0	0.00000	0	20240523_BRUV_10_R34_GX010047.MP4	145920	29.97003
INV-BV-052	0	0	0.00000	0	20240523_BRUV_2_L17_GX010049.MP4	127784	29.97000
INV-BV-052	1	0	0.00000	0	20240523_BRUV_2_R18_GX010049.MP4	128530	29.97003
INV-BV-215	0	0	0.00000	0	20240523_BRUV_5_L23_GX010046.MP4	137816	29.97000
INV-BV-215	1	0	0.00000	0	20240523_BRUV_5_R24_GX010051.MP4	137833	29.97003
INV-BV-247	0	0	0.00000	0	20240523_BRUV_6_L95_GX010048.MP4	133204	29.97000
INV-BV-247	1	0	0.00000	0	20240523_BRUV_6_R96_GX010044.MP4	132954	29.97003
INV-BV-071	0	0	0.00000	0	20240523_BRUV_7_L27_GX010046.MP4	139454	29.97000
INV-BV-071	1	0	0.00000	0	20240523_BRUV_7_R28_GX010044.MP4	139524	29.97003
INV-BV-051	0	0	0.00000	0	20240524_BRUV_1_L15_GX010053.MP4	145920	29.97000
INV-BV-051	0	0	0.00000	0	20240524_BRUV_1_L15_GX020053.MP4	43954	29.97000
INV-BV-051	1	0	0.00000	0	20240524_BRUV_1_R16_GX010053.MP4	145920	29.97003
INV-BV-051	1	0	0.00000	0	20240524_BRUV_1_R16_GX020053.MP4	44054	29.97003
INV-BV-007	0	0	0.00000	0	20240524_BRUV_2_L17_GX010050.MP4	145920	29.97000
INV-BV-007	0	0	0.00000	0	20240524_BRUV_2_L17_GX020050.MP4	28714	29.97000
INV-BV-007	1	0	0.00000	0	20240524_BRUV_2_R18_GX010050.MP4	145920	29.97003
INV-BV-007	1	0	0.00000	0	20240524_BRUV_2_R18_GX020050.MP4	28234	29.97003
INV-BV-023	0	0	0.00000	0	20240524_BRUV_3_L19_GX010047.MP4	145920	29.97000
INV-BV-023	0	0	0.00000	0	20240524_BRUV_3_L19_GX020047.MP4	25584	29.97000
INV-BV-023	1	0	0.00000	0	20240524_BRUV_3_R20_GX010053.MP4	145920	29.97003
INV-BV-023	1	0	0.00000	0	20240524_BRUV_3_R20_GX020053.MP4	25243	29.97003
INV-BV-091	0	0	0.00000	0	20240524_BRUV_4_L21_GX010048.MP4	145920	29.97003
INV-BV-091	0	0	0.00000	0	20240524_BRUV_4_L21_GX020048.MP4	19574	29.97003
INV-BV-091	1	0	0.00000	0	20240524_BRUV_4_R22_GX010048.MP4	145920	29.97003
INV-BV-091	1	0	0.00000	0	20240524_BRUV_4_R22_GX020048.MP4	19344	29.97003
INV-BV-203	0	0	0.00000	0	20240524_BRUV_5_L23_GX010047.MP4	145920	29.97000
INV-BV-203	0	0	0.00000	0	20240524_BRUV_5_L23_GX020047.MP4	27715	29.97000
INV-BV-203	1	0	0.00000	0	20240524_BRUV_5_R24_GX010052.MP4	145920	29.97003
INV-BV-203	1	0	0.00000	0	20240524_BRUV_5_R24_GX020052.MP4	27843	29.97003
INV-BV-171	0	0	0.00000	0	20240524_BRUV_6_L95_GX010049.MP4	145920	29.97000
INV-BV-171	0	0	0.00000	0	20240524_BRUV_6_L95_GX020049.MP4	30914	29.97000
INV-BV-171	1	0	0.00000	0	20240524_BRUV_6_R96_GX010045.MP4	145920	29.97003
INV-BV-171	1	0	0.00000	0	20240524_BRUV_6_R96_GX020045.MP4	30695	29.97003
INV-BV-187	0	0	0.00000	0	20240524_BRUV_7_L27_GX010047.MP4	145920	29.97000
INV-BV-187	0	0	0.00000	0	20240524_BRUV_7_L27_GX020047.MP4	19614	29.97000
INV-BV-187	1	0	0.00000	0	20240524_BRUV_7_R28_GX010045.MP4	145920	29.97003
INV-BV-187	1	0	0.00000	0	20240524_BRUV_7_R28_GX020045.MP4	23444	29.97003
INV-BV-075	0	0	0.00000	0	20240524_BRUV_8_L29_GX010041.MP4	145920	29.97003
INV-BV-075	0	0	0.00000	0	20240524_BRUV_8_L29_GX020041.MP4	26004	29.97003
INV-BV-075	1	0	0.00000	0	20240524_BRUV_8_R30_GX010042.MP4	145920	29.97003
INV-BV-075	1	0	0.00000	0	20240524_BRUV_8_R30_GX020042.MP4	25264	29.97003
INV-BV-151	0	0	0.00000	0	20240524_BRUV_9_L31_GX010067.MP4	145920	29.97000
INV-BV-151	0	0	0.00000	0	20240524_BRUV_9_L31_GX020067.MP4	23145	29.97000
INV-BV-151	1	0	0.00000	0	20240524_BRUV_9_R32_GX010046.MP4	145920	29.97003
INV-BV-151	1	0	0.00000	0	20240524_BRUV_9_R32_GX020046.MP4	23321	29.97003
INV-BV-035	0	0	0.00000	0	20240524_BRUV_10_L33_GX010041.MP4	145920	29.97000
INV-BV-035	0	0	0.00000	0	20240524_BRUV_10_L33_GX020041.MP4	28774	29.97000
INV-BV-035	1	0	0.00000	0	20240524_BRUV_10_R34_GX010048.MP4	145920	29.97003
INV-BV-035	1	0	0.00000	0	20240524_BRUV_10_R34_GX020048.MP4	28753	29.97003
INV-BV-021	0	0	0.00000	0	20240524_BRUV_1_L15_GX010054.MP4	145920	29.97000
INV-BV-021	0	0	0.00000	0	20240524_BRUV_1_L15_GX020054.MP4	48874	29.97000
INV-BV-021	1	0	0.00000	0	20240524_BRUV_1_R16_GX010054.MP4	145920	29.97003
INV-BV-021	1	0	0.00000	0	20240524_BRUV_1_R16_GX020054.MP4	48624	29.97003
INV-BV-101	0	0	0.00000	0	20240524_BRUV_2_L17_GX010051.MP4	145920	29.97000
INV-BV-101	0	0	0.00000	0	20240524_BRUV_2_L17_GX020051.MP4	45964	29.97000
INV-BV-101	1	0	0.00000	0	20240524_BRUV_2_R18_GX010051.MP4	145920	29.97003
INV-BV-101	1	0	0.00000	0	20240524_BRUV_2_R18_GX020051.MP4	45664	29.97003
INV-BV-235	0	0	0.00000	0	20240524_BRUV_3_L19_GX010048.MP4	145920	29.97000
INV-BV-235	0	0	0.00000	0	20240524_BRUV_3_L19_GX020048.MP4	99274	29.97000
INV-BV-235	1	0	0.00000	0	20240524_BRUV_3_R20_GX010054.MP4	145920	29.97003
INV-BV-235	1	0	0.00000	0	20240524_BRUV_3_R20_GX020054.MP4	99078	29.97003
INV-BV-005	0	0	0.00000	0	20240524_BRUV_4_L21_GX010049.MP4	145920	29.97000
INV-BV-005	0	0	0.00000	0	20240524_BRUV_4_L21_GX020049.MP4	22754	29.97000
INV-BV-005	1	0	0.00000	0	20240524_BRUV_4_R22_GX010049.MP4	145920	29.97003
INV-BV-005	1	0	0.00000	0	20240524_BRUV_4_R22_GX020049.MP4	22684	29.97003
INV-BV-137	0	0	0.00000	0	20240524_BRUV_5_L23_GX010048.MP4	145920	29.97000
INV-BV-137	0	0	0.00000	0	20240524_BRUV_5_L23_GX020048.MP4	9905	29.97000
INV-BV-137	1	0	0.00000	0	20240524_BRUV_5_R24_GX010053.MP4	145920	29.97003
INV-BV-137	1	0	0.00000	0	20240524_BRUV_5_R24_GX020053.MP4	9874	29.97003
INV-BV-001	0	0	0.00000	0	20240524_BRUV_6_L95_GX010050.MP4	145920	29.97000
INV-BV-001	0	0	0.00000	0	20240524_BRUV_6_L95_GX020050.MP4	17604	29.97000
INV-BV-001	1	0	0.00000	0	20240524_BRUV_6_R96_GX010046.MP4	145920	29.97003
INV-BV-001	1	0	0.00000	0	20240524_BRUV_6_R96_GX020046.MP4	17285	29.97003
INV-BV-017	0	0	0.00000	0	20240524_BRUV_7_L27_GX010048.MP4	145920	29.97000
INV-BV-017	0	0	0.00000	0	20240524_BRUV_7_L27_GX020048.MP4	8244	29.97000
INV-BV-017	1	0	0.00000	0	20240524_BRUV_7_R28_GX010046.MP4	145920	29.97003
INV-BV-017	1	0	0.00000	0	20240524_BRUV_7_R28_GX020046.MP4	8354	29.97003
INV-BV-175	0	0	0.00000	0	20240524_BRUV_8_L29_GX010042.MP4	145920	29.97000
INV-BV-175	0	0	0.00000	0	20240524_BRUV_8_L29_GX020042.MP4	11794	29.97000
INV-BV-175	1	0	0.00000	0	20240524_BRUV_8_R30_GX010043.MP4	145920	29.97003
INV-BV-175	1	0	0.00000	0	20240524_BRUV_8_R30_GX020043.MP4	11584	29.97003
INV-BV-219	0	0	0.00000	0	20240524_BRUV_9_L31_GX010068.MP4	145920	29.97000
INV-BV-219	0	0	0.00000	0	20240524_BRUV_9_L31_GX020068.MP4	11425	29.97000
INV-BV-219	1	0	0.00000	0	20240524_BRUV_9_R32_GX010047.MP4	145920	29.97000
INV-BV-219	1	0	0.00000	0	20240524_BRUV_9_R32_GX020047.MP4	11113	29.97000
INV-BV-146	0	0	0.00000	0	20240524_BRUV_10_L33_GX010042.MP4	145920	29.97000
INV-BV-146	0	0	0.00000	0	20240524_BRUV_10_L33_GX020042.MP4	32863	29.97000
INV-BV-146	1	0	0.00000	0	20240524_BRUV_10_R34_GX010049.MP4	27298	29.97003
INV-BV-146	1	0	0.00000	0	20240524_BRUV_10_R34_GX010050.MP4	145920	29.97003
INV-BV-146	1	0	0.00000	0	20240524_BRUV_10_R34_GX020050.MP4	31473	29.97003
FIG-BV-10	0	0	0.00000	0	20240525_BRUV_5_L23_GX010049.MP4	145524	29.97000
FIG-BV-10	1	0	0.00000	0	20240525_BRUV_5_R24_GX010054.MP4	145354	29.97003
FIG-BV-CP1	0	0	0.00000	0	20240525_BRUV_1_L15_GX010056.MP4	115054	29.97000
FIG-BV-CP1	1	0	0.00000	0	20240525_BRUV_1_R16_GX010056.MP4	114384	29.97003
FIG-BV-CP2	0	0	0.00000	0	20240525_BRUV_2_L17_GX010053.MP4	114584	29.97000
FIG-BV-CP2	1	0	0.00000	0	20240525_BRUV_2_R18_GX010053.MP4	114363	29.97003
FIG-BV-CP3	0	0	0.00000	0	20240525_BRUV_3_R20_GX010056.MP4	118344	29.97003
FIG-BV-CP3	1	0	0.00000	0	20240525_BRUV_3_L19_GX010050.MP4	118555	29.97003
FIG-BV-08	0	0	0.00000	0	20240525_BRUV_4_L21_GX010052.MP4	111884	29.97003
FIG-BV-08	1	0	0.00000	0	20240525_BRUV_4_R22_GX010051.MP4	112608	29.97003
FIG-BV-02	0	0	0.00000	0	20240525_BRUV_5_L23_GX010050.MP4	126943	29.97000
FIG-BV-02	1	0	0.00000	0	20240525_BRUV_5_R24_GX010055.MP4	126764	29.97003
FIG-BV-12	0	0	0.00000	0	20240525_BRUV_6_L95_GX010052.MP4	102974	29.97000
FIG-BV-12	1	0	0.00000	0	20240525_BRUV_6_R96_GX010048.MP4	102834	29.97003
FIG-BV-05	0	0	0.00000	0	20240525_BRUV_7_L27_GX010050.MP4	109093	29.97000
FIG-BV-05	1	0	0.00000	0	20240525_BRUV_7_R28_GX010048.MP4	109104	29.97003
FIG-BV-13	0	0	0.00000	0	20240525_BRUV_8_L29_GX010044.MP4	116644	29.97000
FIG-BV-13	1	0	0.00000	0	20240525_BRUV_8_R30_GX010045.MP4	116454	29.97003
INV-BV-082	0	0	0.00000	0	20240526_BRUV_1_L15_GX010057.MP4	133044	29.97003
INV-BV-082	1	0	0.00000	0	20240526_BRUV_1_R16_GX010057.MP4	132864	29.97003
INV-BV-170	0	0	0.00000	0	20240526_BRUV_2_L17_GX010054.MP4	127485	29.97000
INV-BV-170	1	0	0.00000	0	20240526_BRUV_2_R18_GX010054.MP4	127264	29.97003
INV-BV-214	0	0	0.00000	0	20240526_BRUV_3_L19_GX010051.MP4	130564	29.97000
INV-BV-214	1	0	0.00000	0	20240526_BRUV_3_R20_GX010057.MP4	130524	29.97003
INV-BV-188	0	0	0.00000	0	20240526_BRUV_7_L27_GX010052.MP4	138144	29.97003
INV-BV-188	1	0	0.00000	0	20240526_BRUV_7_R28_GX010049.MP4	138864	29.97003
INV-BV-204	0	0	0.00000	0	20240526_BRUV_8_L29_GX010045.MP4	142663	29.97003
INV-BV-204	0	0	0.00000	0	20240526_BRUV_8_L29_GX010046.MP4	145920	29.97003
INV-BV-204	0	0	0.00000	0	20240526_BRUV_8_L29_GX020046.MP4	50914	29.97003
INV-BV-204	1	0	0.00000	0	20240526_BRUV_8_R30_GX010046.MP4	142443	29.97003
INV-BV-204	1	0	0.00000	0	20240526_BRUV_8_R30_GX010047.MP4	145920	29.97003
INV-BV-204	1	0	0.00000	0	20240526_BRUV_8_R30_GX020047.MP4	50983	29.97003
INV-BV-220	0	0	0.00000	0	20240526_BRUV_9_L31_GX010070.MP4	140925	29.97003
INV-BV-220	0	0	0.00000	0	20240526_BRUV_9_L31_GX010071.MP4	145920	29.97003
INV-BV-220	0	0	0.00000	0	20240526_BRUV_9_L31_GX020071.MP4	41015	29.97003
INV-BV-220	1	0	0.00000	0	20240526_BRUV_9_R32_GX010049.MP4	140654	29.97003
INV-BV-220	1	0	0.00000	0	20240526_BRUV_9_R32_GX010050.MP4	145920	29.97003
INV-BV-220	1	0	0.00000	0	20240526_BRUV_9_R32_GX020050.MP4	41004	29.97003
INV-BV-236	0	0	0.00000	0	20240526_BRUV_10_L33_GX010043.MP4	145704	29.97003
INV-BV-236	0	0	0.00000	0	20240526_BRUV_10_L33_GX010044.MP4	145920	29.97003
INV-BV-236	0	0	0.00000	0	20240526_BRUV_10_L33_GX020044.MP4	48394	29.97003
INV-BV-236	1	0	0.00000	0	20240526_BRUV_10_R34_GX010051.MP4	145644	29.97003
INV-BV-236	1	0	0.00000	0	20240526_BRUV_10_R34_GX010052.MP4	145920	29.97003
INV-BV-236	1	0	0.00000	0	20240526_BRUV_10_R34_GX020052.MP4	49095	29.97003
INV-BV-057	0	0	0.00000	0	20240526_BRUV_1_L15_GX010057.MP4	133044	29.97003
INV-BV-057	0	0	0.00000	0	20240526_BRUV_1_L15_GX010058.MP4	145920	29.97003
INV-BV-057	0	0	0.00000	0	20240526_BRUV_1_L15_GX010059.MP4	120223	29.97003
INV-BV-057	0	0	0.00000	0	20240526_BRUV_1_L15_GX020058.MP4	13604	29.97003
INV-BV-057	1	0	0.00000	0	20240526_BRUV_1_R16_GX010057.MP4	132864	29.97003
INV-BV-057	1	0	0.00000	0	20240526_BRUV_1_R16_GX010058.MP4	145920	29.97003
INV-BV-057	1	0	0.00000	0	20240526_BRUV_1_R16_GX010059.MP4	119994	29.97003
INV-BV-057	1	0	0.00000	0	20240526_BRUV_1_R16_GX020058.MP4	13383	29.97003
INV-BV-041	0	0	0.00000	0	20240526_BRUV_2_L17_GX010055.MP4	145920	29.97003
INV-BV-041	0	0	0.00000	0	20240526_BRUV_2_L17_GX010056.MP4	126894	29.97003
INV-BV-041	0	0	0.00000	0	20240526_BRUV_2_L17_GX020055.MP4	12104	29.97003
INV-BV-041	1	0	0.00000	0	20240526_BRUV_2_R18_GX010055.MP4	145920	29.97003
INV-BV-041	1	0	0.00000	0	20240526_BRUV_2_R18_GX010056.MP4	127064	29.97003
INV-BV-041	1	0	0.00000	0	20240526_BRUV_2_R18_GX020055.MP4	11803	29.97003
INV-BV-228	0	0	0.00000	0	20240526_BRUV_3_L19_GX010052.MP4	145920	29.97003
INV-BV-228	0	0	0.00000	0	20240526_BRUV_3_L19_GX010053.MP4	125263	29.97003
INV-BV-228	0	0	0.00000	0	20240526_BRUV_3_L19_GX020052.MP4	12093	29.97003
INV-BV-228	1	0	0.00000	0	20240526_BRUV_3_R20_GX010058.MP4	145920	29.97003
INV-BV-228	1	0	0.00000	0	20240526_BRUV_3_R20_GX010059.MP4	124424	29.97003
INV-BV-228	1	0	0.00000	0	20240526_BRUV_3_R20_GX020058.MP4	11883	29.97003
INV-BV-224	0	0	0.00000	0	20240526_BRUV_4_L21_GX010054.MP4	145920	29.97003
INV-BV-224	1	0	0.00000	0	20240526_BRUV_4_R22_GX010053.MP4	145920	29.97003
INV-BV-013	0	0	0.00000	0	20240526_BRUV_5_L23_GX010052.MP4	145920	29.97003
INV-BV-013	1	0	0.00000	0	20240526_BRUV_5_R24_GX010057.MP4	145920	29.97003
INV-BV-164	0	0	0.00000	0	20240526_BRUV_7_L27_GX010053.MP4	145920	29.97003
INV-BV-164	1	0	0.00000	0	20240526_BRUV_7_R28_GX010050.MP4	145920	29.97003
INV-BV-192	0	0	0.00000	0	20240526_BRUV_8_L29_GX010046.MP4	145920	29.97003
INV-BV-192	1	0	0.00000	0	20240526_BRUV_8_R30_GX010047.MP4	145920	29.97003
INV-BV-208	0	0	0.00000	0	20240526_BRUV_9_L31_GX010071.MP4	145920	29.97003
INV-BV-208	1	0	0.00000	0	20240526_BRUV_9_R32_GX010050.MP4	145920	29.97003
INV-BV-029	0	0	0.00000	0	20240526_BRUV_10_L33_GX010044.MP4	145920	29.97003
INV-BV-029	0	0	0.00000	0	20240526_BRUV_10_L33_GX020044.MP4	48394	29.97003
INV-BV-029	1	0	0.00000	0	20240526_BRUV_10_R34_GX010052.MP4	145920	29.97003
INV-BV-029	1	0	0.00000	0	20240526_BRUV_10_R34_GX020052.MP4	49095	29.97003
INV-BV-176	0	0	0.00000	0	20240526_BRUV_1_L15_GX010059.MP4	120223	29.97003
INV-BV-176	1	0	0.00000	0	20240526_BRUV_1_R16_GX010059.MP4	119994	29.97003
INV-BV-121	0	0	0.00000	0	20240526_BRUV_2_L17_GX010056.MP4	126894	29.97003
INV-BV-121	1	0	0.00000	0	20240526_BRUV_2_R18_GX010056.MP4	127064	29.97003
INV-BV-142	0	0	0.00000	0	20240526_BRUV_3_L19_GX010053.MP4	125263	29.97000
INV-BV-142	1	0	0.00000	0	20240526_BRUV_3_R20_GX010059.MP4	124424	29.97003
INV-BV-110	0	0	0.00000	0	20240526_BRUV_4_L21_GX010055.MP4	137203	29.97000
INV-BV-110	1	0	0.00000	0	20240526_BRUV_4_R22_GX010054.MP4	137014	29.97003
INV-BV-010	0	0	0.00000	0	20240526_BRUV_5_L23_GX010053.MP4	136014	29.97000
INV-BV-010	1	0	0.00000	0	20240526_BRUV_5_R24_GX010058.MP4	135753	29.97003
INV-BV-070	0	0	0.00000	0	20240526_BRUV_6_L95_GX010054.MP4	139983	29.97000
INV-BV-070	1	0	0.00000	0	20240526_BRUV_6_R96_GX010051.MP4	139925	29.97003
INV-BV-126	0	0	0.00000	0	20240526_BRUV_7_L27_GX010054.MP4	137344	29.97000
INV-BV-126	1	0	0.00000	0	20240526_BRUV_7_R28_GX010051.MP4	137114	29.97003
INV-BV-DOC2	0	0	0.00000	0	20240527_BRUV_2_L17_GX010057.MP4	145920	29.97000
INV-BV-DOC2	0	0	0.00000	0	20240527_BRUV_2_L17_GX020057.MP4	44364	29.97000
INV-BV-DOC2	1	0	0.00000	0	20240527_BRUV_2_R18_GX010057.MP4	145920	29.97003
INV-BV-DOC2	1	0	0.00000	0	20240527_BRUV_2_R18_GX020057.MP4	44144	29.97003
INV-BV-DOC3	0	0	0.00000	0	20240527_BRUV_3_L19_GX010054.MP4	145920	29.97000
INV-BV-DOC3	0	0	0.00000	0	20240527_BRUV_3_L19_GX020054.MP4	10564	29.97000
INV-BV-DOC3	1	0	0.00000	0	20240527_BRUV_3_R20_GX010060.MP4	145920	29.97003
INV-BV-DOC3	1	0	0.00000	0	20240527_BRUV_3_R20_GX020060.MP4	10354	29.97003
INV-BV-DOC4	0	0	0.00000	0	20240527_BRUV_4_L21_GX010056.MP4	145920	29.97000
INV-BV-DOC4	0	0	0.00000	0	20240527_BRUV_4_L21_GX020056.MP4	26493	29.97000
INV-BV-DOC4	1	0	0.00000	0	20240527_BRUV_4_R22_GX010055.MP4	145920	29.97003
INV-BV-DOC4	1	0	0.00000	0	20240527_BRUV_4_R22_GX020055.MP4	26124	29.97003
INV-BV-DOC5	0	0	0.00000	0	20240527_BRUV_5_L23_GX010054.MP4	145920	29.97000
INV-BV-DOC5	0	0	0.00000	0	20240527_BRUV_5_L23_GX020054.MP4	25864	29.97000
INV-BV-DOC5	1	0	0.00000	0	20240527_BRUV_5_R24_GX010059.MP4	145920	29.97003
INV-BV-DOC5	1	0	0.00000	0	20240527_BRUV_5_R24_GX020059.MP4	25594	29.97003
INV-BV-DOC6	0	0	0.00000	0	20240527_BRUV_6_L95_GX010055.MP4	145920	29.97000
INV-BV-DOC6	0	0	0.00000	0	20240527_BRUV_6_L95_GX020055.MP4	31334	29.97000
INV-BV-DOC6	1	0	0.00000	0	20240527_BRUV_6_R96_GX010052.MP4	145920	29.97003
INV-BV-DOC6	1	0	0.00000	0	20240527_BRUV_6_R96_GX020052.MP4	31054	29.97003
INV-BV-DOC7	0	0	0.00000	0	20240527_BRUV_7_L27_GX010055.MP4	145920	29.97000
INV-BV-DOC7	0	0	0.00000	0	20240527_BRUV_7_L27_GX020055.MP4	25784	29.97000
INV-BV-DOC7	1	0	0.00000	0	20240527_BRUV_7_R28_GX010052.MP4	145920	29.97003
INV-BV-DOC7	1	0	0.00000	0	20240527_BRUV_7_R28_GX020052.MP4	25464	29.97003
INV-BV-DOC8	0	0	0.00000	0	20240527_BRUV_8_L29_GX010001.MP4	145920	29.97000
INV-BV-DOC8	0	0	0.00000	0	20240527_BRUV_8_L29_GX020001.MP4	31664	29.97000
INV-BV-DOC8	1	0	0.00000	0	20240527_BRUV_8_R30_GX010048.MP4	145920	29.97003
INV-BV-DOC8	1	0	0.00000	0	20240527_BRUV_8_R30_GX020048.MP4	31414	29.97003
INV-BV-DOC9	0	0	0.00000	0	20240527_BRUV_9_L31_GX010072.MP4	145920	29.97000
INV-BV-DOC9	0	0	0.00000	0	20240527_BRUV_9_L31_GX020072.MP4	30274	29.97000
INV-BV-DOC9	1	0	0.00000	0	20240527_BRUV_9_R32_GX010051.MP4	145920	29.97003
INV-BV-DOC9	1	0	0.00000	0	20240527_BRUV_9_R32_GX020051.MP4	30034	29.97003
INV-BV-DOC10	0	0	0.00000	0	20240527_BRUV_10_L33_GX010045.MP4	145920	29.97000
INV-BV-DOC10	0	0	0.00000	0	20240527_BRUV_10_L33_GX020045.MP4	21869	29.97000
INV-BV-DOC10	1	0	0.00000	0	20240527_BRUV_10_R34_GX010053.MP4	145920	29.97003
INV-BV-DOC10	1	0	0.00000	0	20240527_BRUV_10_R34_GX020053.MP4	21664	29.97003
INV-BV-DOC11	0	0	0.00000	0	20240527_BRUV_1_L15_GX010061.MP4	127712	29.97000
INV-BV-DOC11	1	0	0.00000	0	20240527_BRUV_1_R16_GX010061.MP4	128720	29.97003
INV-BV-DOC12	0	0	0.00000	0	20240527_BRUV_2_L17_GX010058.MP4	134119	29.97000
INV-BV-DOC12	1	0	0.00000	0	20240527_BRUV_2_R18_GX010058.MP4	136847	29.97000
INV-BV-DOC13	0	0	0.00000	0	20240527_BRUV_3_L19_GX010055.MP4	136769	29.97000
INV-BV-DOC13	1	0	0.00000	0	20240527_BRUV_3_R20_GX010061.MP4	139003	29.97000
INV-BV-DOC14	0	0	0.00000	0	20240527_BRUV_4_L21_GX010057.MP4	140061	29.97000
INV-BV-DOC14	1	0	0.00000	0	20240527_BRUV_4_R22_GX010056.MP4	137499	29.97003
INV-BV-DOC16	0	0	0.00000	0	20240527_BRUV_6_L95_GX010056.MP4	131727	29.97000
INV-BV-DOC16	1	0	0.00000	0	20240527_BRUV_6_R96_GX010053.MP4	130773	29.97003
INV-BV-DOC17	0	0	0.00000	0	20240527_BRUV_7_L27_GX010056.MP4	130539	29.97000
INV-BV-DOC17	1	0	0.00000	0	20240527_BRUV_7_R28_GX010053.MP4	133365	29.97003
INV-BV-179	0	0	0.00000	0	20240522_BRUV_2_L17_GX010044.MP4	145920	29.97000
INV-BV-179	0	0	0.00000	0	20240522_BRUV_2_L17_GX020044.MP4	21904	29.97000
INV-BV-179	1	0	0.00000	0	20240522_BRUV_2_R18_GX010044.MP4	145920	29.97003
INV-BV-179	1	0	0.00000	0	20240522_BRUV_2_R18_GX020044.MP4	21304	29.97003
INV-BV-008	0	0	0.00000	0	20240523_BRUV_3_R20_GX010052.MP4	128674	29.97003
INV-BV-008	1	0	0.00000	0	20240523_BRUV_3_L19_GX010047.MP4	101999	29.97003
INV-BV-068	0	0	0.00000	0	20240523_BRUV_4_L21_GX010047.MP4	127505	29.97000
INV-BV-016	0	0	0.00000	0	20240517_BRUV_1_L15_GX010038.MP4	145920	29.97003
INV-BV-016	0	0	0.00000	0	20240517_BRUV_1_L15_GX020038.MP4	22417	29.97003
INV-BV-016	1	0	0.00000	0	20240517_BRUV_1_R16_GX010038.MP4	145920	29.97003
INV-BV-016	1	0	0.00000	0	20240517_BRUV_1_R16_GX020038.MP4	21303	29.97003
INV-BV-124	0	0	0.00000	0	20240517_BRUV_2_L17_GX010035.MP4	145920	29.97003
INV-BV-124	0	0	0.00000	0	20240517_BRUV_2_L17_GX020035.MP4	33654	29.97003
INV-BV-124	1	0	0.00000	0	20240517_BRUV_2_R18_GX010035.MP4	145920	29.97003
INV-BV-124	1	0	0.00000	0	20240517_BRUV_2_R18_GX020035.MP4	33404	29.97003
INV-BV-197	0	0	0.00000	0	20240517_BRUV_3_L19_GX010033.MP4	145920	29.97003
INV-BV-197	0	0	0.00000	0	20240517_BRUV_3_L19_GX020033.MP4	33794	29.97003
INV-BV-197	1	0	0.00000	0	20240517_BRUV_3_R20_GX010038.MP4	145920	29.97003
INV-BV-197	1	0	0.00000	0	20240517_BRUV_3_R20_GX020038.MP4	33454	29.97003
INV-BV-108	0	0	0.00000	0	20240517_BRUV_6_L95_GX010034.MP4	145920	29.97003
INV-BV-108	0	0	0.00000	0	20240517_BRUV_6_L95_GX020034.MP4	23593	29.97003
INV-BV-108	1	0	0.00000	0	20240517_BRUV_6_R96_GX010030.MP4	145920	29.97003
INV-BV-108	1	0	0.00000	0	20240517_BRUV_6_R96_GX020030.MP4	23304	29.97003
INV-BV-152	0	0	0.00000	0	20240517_BRUV_7_L27_GX010036.MP4	145920	29.97003
INV-BV-152	0	0	0.00000	0	20240517_BRUV_7_L27_GX020036.MP4	25333	29.97003
INV-BV-152	1	0	0.00000	0	20240517_BRUV_7_R28_GX010030.MP4	145920	29.97003
INV-BV-152	1	0	0.00000	0	20240517_BRUV_7_R28_GX020030.MP4	24974	29.97003
INV-BV-140	0	0	0.00000	0	20240517_BRUV_8_L29_GX010031.MP4	145920	29.97003
INV-BV-140	0	0	0.00000	0	20240517_BRUV_8_L29_GX020031.MP4	30073	29.97003
INV-BV-140	1	0	0.00000	0	20240517_BRUV_8_R30_GX010031.MP4	145920	29.97003
INV-BV-140	1	0	0.00000	0	20240517_BRUV_8_R30_GX020031.MP4	29794	29.97003
INV-BV-092	0	0	0.00000	0	20240517_BRUV_9_L31_GX010056.MP4	145920	29.97003
INV-BV-092	0	0	0.00000	0	20240517_BRUV_9_L31_GX020056.MP4	20854	29.97003
INV-BV-092	1	0	0.00000	0	20240517_BRUV_9_R32_GX010035.MP4	145920	29.97003
INV-BV-092	1	0	0.00000	0	20240517_BRUV_9_R32_GX020035.MP4	20604	29.97003
INV-BV-020	0	0	0.00000	0	20240517_BRUV_10_L33_GX010033.MP4	145920	29.97003
INV-BV-020	0	0	0.00000	0	20240517_BRUV_10_L33_GX020033.MP4	36987	29.97003
INV-BV-020	1	0	0.00000	0	20240517_BRUV_10_R34_GX010038.MP4	145920	29.97003
INV-BV-020	1	0	0.00000	0	20240517_BRUV_10_R34_GX020038.MP4	37993	29.97003
INV-BV-067	0	0	0.00000	0	20240522_BRUV_5_L23_GX010043.MP4	145920	29.97003
INV-BV-067	0	0	0.00000	0	20240522_BRUV_5_L23_GX020043.MP4	13235	29.97003
INV-BV-067	1	0	0.00000	0	20240522_BRUV_5_R24_GX010048.MP4	145920	29.97003
INV-BV-067	1	0	0.00000	0	20240522_BRUV_5_R24_GX020048.MP4	13284	29.97003
INV-BV-019	0	0	0.00000	0	20240522_BRUV_6_L95_GX010045.MP4	145920	29.97003
INV-BV-019	0	0	0.00000	0	20240522_BRUV_6_L95_GX020045.MP4	7273	29.97003
INV-BV-019	1	0	0.00000	0	20240522_BRUV_6_R96_GX010041.MP4	145920	29.97003
INV-BV-019	1	0	0.00000	0	20240522_BRUV_6_R96_GX020041.MP4	7053	29.97003
INV-BV-198	0	0	0.00000	0	20240523_BRUV_1_L15_GX010050.MP4	139174	29.97003
INV-BV-198	1	0	0.00000	0	20240523_BRUV_1_R16_GX010050.MP4	138834	29.97003
INV-BV-072	0	0	0.00000	0	20240523_BRUV_2_L17_GX010047.MP4	122844	29.97003
INV-BV-072	1	0	0.00000	0	20240523_BRUV_2_R18_GX010047.MP4	122364	29.97003
INV-BV-193	0	0	0.00000	0	20240523_BRUV_5_L23_GX010044.MP4	130836	29.97003
INV-BV-193	1	0	0.00000	0	20240523_BRUV_5_R24_GX010049.MP4	130615	29.97003
INV-BV-209	0	0	0.00000	0	20240523_BRUV_6_L95_GX010046.MP4	127624	29.97003
INV-BV-209	1	0	0.00000	0	20240523_BRUV_6_R96_GX010042.MP4	127284	29.97003
INV-BV-036	0	0	0.00000	0	20240523_BRUV_7_L27_GX010044.MP4	134054	29.97003
INV-BV-036	1	0	0.00000	0	20240523_BRUV_7_R28_GX010042.MP4	133603	29.97003
INV-BV-229	0	0	0.00000	0	20240523_BRUV_8_L29_GX010039.MP4	137114	29.97003
INV-BV-229	1	0	0.00000	0	20240523_BRUV_8_R30_GX010040.MP4	136303	29.97003
INV-BV-181	0	0	0.00000	0	20240523_BRUV_9_L31_GX010065.MP4	124454	29.97003
INV-BV-181	1	0	0.00000	0	20240523_BRUV_9_R32_GX010044.MP4	124104	29.97003
INV-BV-242	0	0	0.00000	0	20240523_BRUV_10_L33_GX010039.MP4	124184	29.97003
INV-BV-242	1	0	0.00000	0	20240523_BRUV_10_R34_GX010046.MP4	123464	29.97003
INV-BV-166	0	0	0.00000	0	20240523_BRUV_1_L15_GX010051.MP4	145920	29.97003
INV-BV-166	0	0	0.00000	0	20240523_BRUV_1_L15_GX020051.MP4	66814	29.97003
INV-BV-166	1	0	0.00000	0	20240523_BRUV_1_R16_GX010051.MP4	145920	29.97003
INV-BV-166	1	0	0.00000	0	20240523_BRUV_1_R16_GX020051.MP4	66603	29.97003
INV-BV-056	0	0	0.00000	0	20240523_BRUV_2_L17_GX010048.MP4	145920	29.97003
INV-BV-056	0	0	0.00000	0	20240523_BRUV_2_L17_GX020048.MP4	89364	29.97003
INV-BV-056	1	0	0.00000	0	20240523_BRUV_2_R18_GX010048.MP4	145920	29.97003
INV-BV-056	1	0	0.00000	0	20240523_BRUV_2_R18_GX020048.MP4	89113	29.97003
INV-BV-040	0	0	0.00000	0	20240523_BRUV_3_L19_GX010045.MP4	124894	29.97003
INV-BV-040	1	0	0.00000	0	20240523_BRUV_3_R20_GX010050.MP4	124644	29.97003
INV-BV-088	0	0	0.00000	0	20240523_BRUV_3_L19_GX010046.MP4	145920	29.97003
INV-BV-088	0	0	0.00000	0	20240523_BRUV_3_L19_GX020046.MP4	72163	29.97003
INV-BV-088	1	0	0.00000	0	20240523_BRUV_3_R20_GX010051.MP4	145920	29.97003
INV-BV-088	1	0	0.00000	0	20240523_BRUV_3_R20_GX020051.MP4	71954	29.97003
INV-BV-159	0	0	0.00000	0	20240519_BRUV_4_L21_GX010039.MP4	128947	29.97003
INV-BV-159	1	0	0.00000	0	20240519_BRUV_4_R22_GX010039.MP4	128422	29.97003
INV-BV-178	0	0	0.00000	0	20240523_BRUV_1_L15_GX010052.MP4	114133	29.97000
INV-BV-178	1	0	0.00000	0	20240523_BRUV_1_R16_GX010052.MP4	113774	29.97003
